
 Phase Region for:
     LIQUID                        
     BCC_A2                        
     FCC_A1                        
 col-1=X(NI), col-2=X(AL),
   5.86048E-02   2.14360E-01

 Phase Region for:
     LIQUID                        
     BCC_A2                        
     FCC_A1                        
 col-1=X(NI), col-2=X(AL),
   5.86048E-02   2.14360E-01
   5.85923E-02   2.14373E-01
   4.61048E-02   2.27472E-01
   3.36048E-02   2.39806E-01
   2.11048E-02   2.51116E-01
   9.92934E-03   2.60285E-01


 Phase Region for:
     LIQUID                        
     BCC_A2                        
     FCC_A1                        
 col-1=X(NI), col-2=X(AL),
   9.92934E-03   2.60285E-01

 Phase Region for:
     LIQUID                        
     BCC_A2                        
 col-1=X(NI), col-2=X(AL),
   9.92934E-03   2.60285E-01
   9.91684E-03   2.60394E-01
   8.55738E-03   2.72882E-01
   7.33418E-03   2.85369E-01
   6.23936E-03   2.97857E-01
   5.26470E-03   3.10344E-01
   4.40184E-03   3.22832E-01
   3.64226E-03   3.35319E-01
   2.97747E-03   3.47807E-01
   2.39915E-03   3.60294E-01
   1.89919E-03   3.72782E-01
   1.46978E-03   3.85269E-01
   1.10348E-03   3.97757E-01
   7.93263E-04   4.10244E-01
   5.32538E-04   4.22732E-01
   3.15197E-04   4.35219E-01
   2.79892E-04   4.37490E-01
   2.12895E-04   4.42031E-01
   9.24737E-05   4.51113E-01
   7.24070E-05   4.52764E-01
   3.38662E-05   4.56066E-01
   2.70816E-05   4.56667E-01
   1.37137E-05   4.57868E-01
   1.13118E-05   4.58086E-01
   6.53412E-06   4.58523E-01
   5.66919E-06   4.58602E-01
   3.94277E-06   4.58761E-01
   5.03668E-07   4.59079E-01
   4.46977E-07   4.59084E-01
   3.33609E-07   4.59094E-01
   1.06934E-07   4.59115E-01
   6.57291E-08   4.59119E-01
   5.82375E-08   4.59120E-01
   4.32547E-08   4.59121E-01
   1.32901E-08   4.59124E-01
   7.84211E-09   4.59124E-01
   6.85158E-09   4.59125E-01
   4.87051E-09   4.59125E-01
   9.08403E-10   4.59125E-01
   1.88022E-10   4.59125E-01
   1.88022E-10   4.59125E-01

 Phase Region for:
     BCC_A2                        
     FCC_A1                        
 col-1=X(NI), col-2=X(AL),
   9.92934E-03   2.60285E-01
   9.94184E-03   2.58179E-01
   9.90054E-03   2.33204E-01
   9.41149E-03   2.08204E-01
   8.29918E-03   1.83204E-01
   7.44045E-03   1.70704E-01
   6.33646E-03   1.58204E-01
   4.95092E-03   1.45704E-01
   1.18433E-03   1.20704E-01
   9.45172E-06   1.14454E-01
   7.61140E-06   1.14444E-01
   3.93007E-06   1.14426E-01
   3.26064E-06   1.14422E-01
   1.92168E-06   1.14415E-01
   1.67823E-06   1.14414E-01
   1.19130E-06   1.14412E-01
   2.17390E-07   1.14407E-01
   4.03097E-08   1.14406E-01
   2.42114E-08   1.14406E-01
   8.11302E-09   1.14406E-01
   6.38331E-11   1.14406E-01
   6.38331E-11   1.14406E-01

 Phase Region for:
     LIQUID                        
     BCC_A2                        
     FCC_A1                        
 col-1=X(NI), col-2=X(AL),
   9.92934E-03   2.60285E-01
   9.94184E-03   2.60286E-01
   2.24293E-02   2.61630E-01
   3.49293E-02   2.63698E-01
   4.74293E-02   2.66617E-01
   5.99293E-02   2.70374E-01
   7.24293E-02   2.74889E-01
   8.49293E-02   2.80074E-01
   8.54867E-02   2.80320E-01

 Phase Region for:
     LIQUID                        
     BCC_A2                        
     FCC_A1                        
 col-1=X(NI), col-2=X(AL),
   8.54867E-02   2.80320E-01

 Phase Region for:
     LIQUID                        
     FCC_A1                        
 col-1=X(NI), col-2=X(AL),
   8.54867E-02   2.80320E-01
   8.54992E-02   2.80310E-01
   9.79867E-02   2.70633E-01
   1.10487E-01   2.61565E-01
   1.22987E-01   2.53202E-01
   1.35487E-01   2.45624E-01
   1.47987E-01   2.38898E-01
   1.60487E-01   2.33086E-01
   1.72987E-01   2.28238E-01
   1.85487E-01   2.24404E-01
   1.97987E-01   2.21628E-01
   2.10487E-01   2.19960E-01
   2.22987E-01   2.19455E-01
   2.35487E-01   2.20183E-01
   2.47987E-01   2.22231E-01
   2.60487E-01   2.25725E-01
   2.72987E-01   2.30838E-01
   2.85487E-01   2.37826E-01
   2.91737E-01   2.42135E-01
   2.97987E-01   2.47064E-01
   3.04237E-01   2.52689E-01
   3.10487E-01   2.59097E-01
   3.16737E-01   2.66395E-01
   3.22987E-01   2.74703E-01
   3.29237E-01   2.84162E-01
   3.35487E-01   2.94928E-01
   3.36623E-01   2.97038E-01
   3.38896E-01   3.01410E-01
   3.43441E-01   3.10784E-01
   3.43516E-01   3.10946E-01
   3.43667E-01   3.11271E-01
   3.43967E-01   3.11925E-01
   3.43972E-01   3.11936E-01
   3.43982E-01   3.11958E-01
   3.43984E-01   3.11961E-01
   3.43987E-01   3.11969E-01
   3.43995E-01   3.11985E-01
   3.43996E-01   3.11988E-01
   3.43999E-01   3.11994E-01
   3.43999E-01   3.11995E-01
   3.44000E-01   3.11997E-01
   3.44000E-01   3.11997E-01
   3.44001E-01   3.11998E-01
   3.44001E-01   3.11998E-01
   3.44001E-01   3.11998E-01
   3.44001E-01   3.11998E-01

 Phase Region for:
     LIQUID                        
     BCC_A2                        
 col-1=X(NI), col-2=X(AL),
   8.54867E-02   2.80320E-01
   8.54742E-02   2.80401E-01
   8.23523E-02   2.99492E-01
   7.92305E-02   3.16619E-01
   7.61086E-02   3.32180E-01
   7.29867E-02   3.46456E-01
   6.98648E-02   3.59658E-01
   6.36211E-02   3.83435E-01
   5.73773E-02   4.04419E-01
   5.11336E-02   4.23204E-01
   4.48898E-02   4.40208E-01
   3.86461E-02   4.55734E-01
   3.24023E-02   4.70018E-01
   2.61586E-02   4.83244E-01
   1.36711E-02   5.07100E-01
   1.17108E-03   5.28272E-01
   3.89832E-04   5.29522E-01
   1.94520E-04   5.29834E-01
   9.68637E-05   5.29989E-01
   4.80356E-05   5.30067E-01
   2.36215E-05   5.30106E-01
   1.14145E-05   5.30125E-01
   5.31099E-06   5.30135E-01
   2.25923E-06   5.30140E-01
   7.33355E-07   5.30142E-01
   3.51886E-07   5.30143E-01
   1.61151E-07   5.30143E-01
   6.57832E-08   5.30143E-01
   1.80995E-08   5.30144E-01
   1.80995E-08   5.30144E-01

 Phase Region for:
     LIQUID                        
     BCC_A2                        
     FCC_A1                        
 col-1=X(NI), col-2=X(AL),
   8.54867E-02   2.80320E-01
   8.54742E-02   2.80290E-01
   7.92305E-02   2.65378E-01
   7.29867E-02   2.50218E-01
   6.67430E-02   2.34815E-01
   5.86048E-02   2.14360E-01

 Phase Region for:
     BCC_A2                        
     FCC_A1                        
 col-1=X(NI), col-2=X(AL),
   5.86048E-02   2.14360E-01
   5.85923E-02   2.14334E-01
   5.23486E-02   2.01458E-01
   4.61048E-02   1.88717E-01
   3.98611E-02   1.76050E-01
   3.36173E-02   1.63410E-01
   2.73736E-02   1.50760E-01
   2.11298E-02   1.38079E-01
   1.48861E-02   1.25361E-01
   8.64233E-03   1.12626E-01
   2.39858E-03   9.99203E-02
   8.37644E-04   9.67566E-02
   5.71755E-05   9.51776E-02
   8.39624E-06   9.50790E-02
   2.29883E-06   9.50667E-02
   7.74477E-07   9.50636E-02
   1.23003E-08   9.50621E-02
   1.23003E-08   9.50621E-02

 Phase Region for:
     LIQUID                        
     FCC_A1                        
 col-1=X(NI), col-2=X(AL),
   5.86048E-02   2.14360E-01
   5.86173E-02   2.14348E-01
   7.11048E-02   2.03665E-01
   8.36048E-02   1.94113E-01
   9.61048E-02   1.85610E-01
   1.08605E-01   1.78094E-01
   1.21105E-01   1.71522E-01
   1.33605E-01   1.65867E-01
   1.46105E-01   1.61120E-01
   1.58605E-01   1.57277E-01
   1.71105E-01   1.54345E-01
   1.83605E-01   1.52339E-01
   1.96105E-01   1.51282E-01
   2.08605E-01   1.51201E-01
   2.21105E-01   1.52135E-01
   2.33605E-01   1.54126E-01
   2.46105E-01   1.57230E-01
   2.58605E-01   1.61511E-01
   2.71105E-01   1.67046E-01
   2.83605E-01   1.73928E-01
   2.96105E-01   1.82272E-01
   3.08605E-01   1.92224E-01
   3.21105E-01   2.03985E-01
   3.33605E-01   2.17856E-01
   3.46105E-01   2.34341E-01
   3.58605E-01   2.54418E-01
   3.59741E-01   2.56482E-01
   3.62014E-01   2.60760E-01
   3.62427E-01   2.61560E-01
   3.63254E-01   2.63184E-01
   3.64906E-01   2.66527E-01
   3.65207E-01   2.67149E-01
   3.65262E-01   2.67263E-01
   3.65371E-01   2.67491E-01
   3.65589E-01   2.67948E-01
   3.65629E-01   2.68031E-01
   3.65709E-01   2.68199E-01
   3.65723E-01   2.68229E-01
   3.65752E-01   2.68290E-01
   3.65757E-01   2.68301E-01
   3.65768E-01   2.68323E-01
   3.65789E-01   2.68367E-01
   3.65793E-01   2.68375E-01
   3.65800E-01   2.68392E-01
   3.65802E-01   2.68394E-01
   3.65802E-01   2.68395E-01
   3.65802E-01   2.68395E-01

 Phase Region for:
     LIQUID                        
     FCC_A1                        
 col-1=X(NI), col-2=X(AL),
   6.17000E-02   2.11599E-01
   6.17125E-02   2.11588E-01
   7.42000E-02   2.01198E-01
   8.67000E-02   1.91913E-01
   9.92000E-02   1.83659E-01
   1.11700E-01   1.76379E-01
   1.24200E-01   1.70037E-01
   1.36700E-01   1.64608E-01
   1.49200E-01   1.60084E-01
   1.61700E-01   1.56465E-01
   1.74200E-01   1.53761E-01
   1.86700E-01   1.51988E-01
   1.99200E-01   1.51169E-01
   2.11700E-01   1.51336E-01
   2.24200E-01   1.52527E-01
   2.36700E-01   1.54789E-01
   2.49200E-01   1.58178E-01
   2.61700E-01   1.62761E-01
   2.74200E-01   1.68620E-01
   2.86700E-01   1.75853E-01
   2.99200E-01   1.84580E-01
   3.11700E-01   1.94958E-01
   3.24200E-01   2.07209E-01
   3.36700E-01   2.21668E-01
   3.49200E-01   2.38922E-01
   3.55450E-01   2.48924E-01
   3.56586E-01   2.50865E-01
   3.58859E-01   2.54876E-01
   3.63405E-01   2.63484E-01
   3.64231E-01   2.65145E-01
   3.64381E-01   2.65451E-01
   3.64682E-01   2.66065E-01
   3.65283E-01   2.67307E-01
   3.65392E-01   2.67535E-01
   3.65611E-01   2.67993E-01
   3.65650E-01   2.68076E-01
   3.65730E-01   2.68243E-01
   3.65744E-01   2.68274E-01
   3.65773E-01   2.68334E-01
   3.65779E-01   2.68346E-01
   3.65789E-01   2.68368E-01
   3.65791E-01   2.68372E-01
   3.65795E-01   2.68380E-01
   3.65802E-01   2.68396E-01
   3.65802E-01   2.68396E-01

 Phase Region for:
     LIQUID                        
     FCC_A1                        
 col-1=X(NI), col-2=X(AL),
   6.17000E-02   2.11599E-01
   6.17125E-02   2.11588E-01
   7.42000E-02   2.01198E-01
   8.67000E-02   1.91913E-01
   9.92000E-02   1.83659E-01
   1.11700E-01   1.76379E-01
   1.24200E-01   1.70037E-01
   1.36700E-01   1.64608E-01
   1.49200E-01   1.60084E-01
   1.61700E-01   1.56465E-01
   1.74200E-01   1.53761E-01
   1.86700E-01   1.51988E-01
   1.99200E-01   1.51169E-01
   2.11700E-01   1.51336E-01
   2.24200E-01   1.52527E-01
   2.36700E-01   1.54789E-01
   2.49200E-01   1.58178E-01
   2.61700E-01   1.62761E-01
   2.74200E-01   1.68620E-01
   2.86700E-01   1.75853E-01
   2.99200E-01   1.84580E-01
   3.11700E-01   1.94958E-01
   3.24200E-01   2.07209E-01
   3.36700E-01   2.21668E-01
   3.49200E-01   2.38922E-01
   3.55450E-01   2.48924E-01
   3.56586E-01   2.50865E-01
   3.58859E-01   2.54876E-01
   3.63405E-01   2.63484E-01
   3.64231E-01   2.65145E-01
   3.64381E-01   2.65451E-01
   3.64682E-01   2.66065E-01
   3.65283E-01   2.67307E-01
   3.65392E-01   2.67535E-01
   3.65611E-01   2.67993E-01
   3.65650E-01   2.68076E-01
   3.65730E-01   2.68243E-01
   3.65744E-01   2.68274E-01
   3.65773E-01   2.68334E-01
   3.65779E-01   2.68346E-01
   3.65789E-01   2.68368E-01
   3.65791E-01   2.68372E-01
   3.65795E-01   2.68380E-01
   3.65802E-01   2.68396E-01
   3.65802E-01   2.68396E-01

 Phase Region for:
     LIQUID                        
     FCC_A1                        
 col-1=X(NI), col-2=X(AL),
   6.17000E-02   2.11599E-01
   6.17125E-02   2.11588E-01
   7.42000E-02   2.01198E-01
   8.67000E-02   1.91913E-01
   9.92000E-02   1.83659E-01
   1.11700E-01   1.76379E-01
   1.24200E-01   1.70037E-01
   1.36700E-01   1.64608E-01
   1.49200E-01   1.60084E-01
   1.61700E-01   1.56465E-01
   1.74200E-01   1.53761E-01
   1.86700E-01   1.51988E-01
   1.99200E-01   1.51169E-01
   2.11700E-01   1.51336E-01
   2.24200E-01   1.52527E-01
   2.36700E-01   1.54789E-01
   2.49200E-01   1.58178E-01
   2.61700E-01   1.62761E-01
   2.74200E-01   1.68620E-01
   2.86700E-01   1.75853E-01
   2.99200E-01   1.84580E-01
   3.11700E-01   1.94958E-01
   3.24200E-01   2.07209E-01
   3.36700E-01   2.21668E-01
   3.49200E-01   2.38922E-01
   3.55450E-01   2.48924E-01
   3.56586E-01   2.50865E-01
   3.58859E-01   2.54876E-01
   3.63405E-01   2.63484E-01
   3.64231E-01   2.65145E-01
   3.64381E-01   2.65451E-01
   3.64682E-01   2.66065E-01
   3.65283E-01   2.67307E-01
   3.65392E-01   2.67535E-01
   3.65611E-01   2.67993E-01
   3.65650E-01   2.68076E-01
   3.65730E-01   2.68243E-01
   3.65744E-01   2.68274E-01
   3.65773E-01   2.68334E-01
   3.65779E-01   2.68346E-01
   3.65789E-01   2.68368E-01
   3.65791E-01   2.68372E-01
   3.65795E-01   2.68380E-01
   3.65802E-01   2.68396E-01
   3.65802E-01   2.68396E-01

 Phase Region for:
     BCC_A2                        
     FCC_A1                        
 col-1=X(NI), col-2=X(AL),
   1.39244E-02   1.23400E-01
   1.39121E-02   1.23375E-01
   7.78934E-03   1.10888E-01
   1.64893E-03   9.84000E-02
   1.36884E-03   9.78324E-02
   8.08286E-04   9.66972E-02
   7.06314E-04   9.64908E-02
   5.02318E-04   9.60779E-02
   9.41118E-05   9.52523E-02
   1.98610E-05   9.51022E-02
   6.35979E-06   9.50749E-02
   3.90499E-06   9.50700E-02
   3.45866E-06   9.50691E-02
   2.56600E-06   9.50672E-02
   7.80680E-07   9.50636E-02
   4.56075E-07   9.50630E-02
   3.97056E-07   9.50629E-02
   2.79018E-07   9.50626E-02
   4.29415E-08   9.50621E-02
   3.87899E-09   9.50621E-02
   3.87899E-09   9.50621E-02
