MnFeCoNiAlCu
strain_r: 0.001
temperature: 300
element: Mn-Co, Fe-Ni, Al-Cu
ratio:50.0:50.0,50.0:50.0,50.0:50.0
structure: fcc
data:
Mn,Fe,Co,Ni,Al,Cu
12.60,12.09,11.12,10.94,16.472, 11.810
338.84,26.375,262.89,199.1,65.498, 128.6
130.52,8.9429,101.66,76.0,23.922, 48.0
Start of Predicted Data
psA,psB,psC,Mn,Co,Fe,Ni,Al,Cu,V_ave,b_ave,E_ave,mu_ave,nu_ave,sum_cnVn^2_b6,tau_y0,Delta_Eb,Delta_sigma_ss
0.0,0.0,1.0,0.0,0.0,0.0,0.0,0.5,0.5,14.141000000000004,2.7143449580833208,97.049,35.961,0.3493645894163122,0.01358608435721727,194.36585156070223,1.3529117598548743,323.51128128834216
0.0,0.05,0.95,0.0,0.0,0.025,0.025,0.475,0.475,14.009700000000002,2.705917872231923,97.833425,36.2865225,0.34806834961933864,0.014026394217281314,199.55334963118648,1.3642517145429942,333.69096574484945
0.0,0.1,0.9,0.0,0.0,0.05,0.05,0.45,0.45,13.878400000000003,2.6974379676441114,98.61785,36.612045,0.3467951598988803,0.014391507779564135,204.03323044775203,1.3726674452410559,342.3407145865789
0.0,0.15,0.85,0.0,0.0,0.075,0.075,0.425,0.425,13.747100000000003,2.688904408822048,99.402275,36.9375675,0.3455444108494692,0.014676854218533911,207.77052458676533,1.378163338398247,349.37535594725466
0.0,0.2,0.8,0.0,0.0,0.1,0.1,0.4,0.4,13.615800000000002,2.680316338919335,100.1867,37.26309,0.3443155143601886,0.01487759230044766,210.72313630595505,1.3807091208624132,354.69746651040066
0.0,0.25,0.75,0.0,0.0,0.125,0.125,0.375,0.375,13.484500000000002,2.67167287898369,100.971125,37.5886125,0.34310790269260405,0.014988592592540973,212.841284605324,1.380239390823569,358.19633678600695
0.0,0.3,0.7,0.0,0.0,0.15,0.15,0.35,0.35,13.353200000000001,2.6629731271651007,101.75555,37.914135,0.3419210276061948,0.015004418347016617,214.0666621756699,1.3766512559968176,359.74655640894963
0.0,0.35,0.65,0.0,0.0,0.175,0.175,0.325,0.325,13.221900000000002,2.654216157887515,102.539975,38.2396575,0.34075435952845545,0.014919304948365426,214.33125455727213,1.3697998202618142,359.20614122139017
0.0,0.4,0.6,0.0,0.0,0.2,0.2,0.3,0.3,13.090600000000002,2.6454010209820265,103.3244,38.56518,0.3396073867670266,0.014727137802039365,213.55572350235087,1.3594909739261851,356.41407991519543
0.0,0.45,0.55,0.0,0.0,0.225,0.225,0.275,0.275,12.959300000000004,2.6365267407793342,104.108825,38.8907025,0.33847961476139443,0.014421428530882942,211.64720223011656,1.3454705319007265,351.18711443292665
0.0,0.5,0.5,0.0,0.0,0.25,0.25,0.25,0.25,12.828000000000003,2.6275923151591556,104.89325,39.216225,0.33737056537185817,0.01399528933288172,208.49626147206945,1.327408110645169,343.3154708708731
0.0,0.55,0.45,0.0,0.0,0.275,0.275,0.225,0.225,12.696700000000002,2.6185967145540747,105.67767500000002,39.5417475,0.33627977620361893,0.013441405339566271,203.97265710049533,1.3048730177793637,332.55710083848544
0.0,0.6,0.4,0.0,0.0,0.3,0.3,0.2,0.2,12.565400000000002,2.6095388809051387,106.4621,39.86727,0.3352067999639805,0.01275200479865182,197.91920975554615,1.277297399142217,318.62972908127057
0.0,0.65,0.35,0.0,0.0,0.325,0.325,0.175,0.175,12.4341,2.6004177265663553,107.246525,40.1927925,0.3341512038507899,0.011918826887012804,190.1426826942936,1.24391796942933,301.19953578823146
0.0,0.7,0.3,0.0,0.0,0.35,0.35,0.15,0.15,12.3028,2.5912321331550063,108.03095,40.518315,0.33311256897035335,0.010933086940684218,180.3995633297972,1.2036795440494985,279.8644274887682
0.0,0.75,0.25,0.0,0.0,0.375,0.375,0.125,0.125,12.171500000000002,2.5819809503444895,108.815375,40.8438375,0.33209048978318956,0.009785438867007449,168.37259118930785,1.155065354982661,254.12810185140344
0.0,0.8,0.2,0.0,0.0,0.4,0.4,0.1,0.1,12.040200000000002,2.5726629945961723,109.5998,41.16936,0.331084573576077,0.008465934480034023,153.62898188821978,1.0957735721830844,223.35731911153587
0.0,0.85,0.15,0.0,0.0,0.425,0.425,0.075,0.075,11.908900000000003,2.5632770478264666,110.384225,41.4948825,0.3300944399589516,0.006963979473561818,135.53805161339298,1.0220285409261927,186.70568015040192
0.0,0.9,0.1,0.0,0.0,0.45,0.45,0.05,0.05,11.777600000000001,2.5538218560050616,111.16865,41.820405,0.3291197203853,0.0052682857163606125,113.08275971538338,0.9268567212996883,142.96224069896832
0.0,0.95,0.05,0.0,0.0,0.475,0.475,0.025,0.025,11.6463,2.5442961276799583,111.953075,42.1459275,0.3281600576947796,0.0033668195208541754,84.31111198082907,0.7944593421103108,90.20295093786056
0.0,1.0,0.0,0.0,0.0,0.5,0.5,0.0,0.0,11.515,2.5346985324245943,112.7375,42.47145,0.3272151056768724,0.001246745499319443,43.689015308634154,0.5676257666144455,24.897936306324176
0.05,0.0,0.95,0.025,0.025,0.0,0.0,0.475,0.475,14.026950000000003,2.7070280063703813,107.2398,39.96745,0.3415892182263316,0.013815137052863835,213.35848679495442,1.4822959333908667,372.7123879487803
0.05,0.05,0.9,0.025,0.025,0.025,0.025,0.45,0.45,13.895650000000003,2.698555088251931,108.024225,40.2929725,0.3404846837745714,0.014187392483111811,218.21445042094734,1.4910724999555425,382.32069747658716
0.05,0.1,0.85,0.025,0.025,0.05,0.05,0.425,0.425,13.76435,2.6900286268679174,108.80865,40.618495,0.3393978531208506,0.014480410313983656,222.2663649268052,1.4966421822675604,390.14152182431485
0.05,0.15,0.8,0.025,0.025,0.075,0.075,0.4,0.4,13.633050000000004,2.681447768219174,109.593075,40.9440175,0.33832830400680636,0.014689382494665625,225.4703666314718,1.4989822039753238,396.0716992144924
0.05,0.2,0.75,0.025,0.025,0.1,0.1,0.375,0.375,13.501750000000001,2.672811636302077,110.3775,41.26954,0.33727562749669615,0.014809215023247807,227.77435205359035,1.4980309048542384,399.9933183914214
0.05,0.25,0.7,0.025,0.025,0.125,0.125,0.35,0.35,13.37045,2.664119332321342,111.161925,41.5950625,0.3362394274560834,0.0148345090013263,229.11710996146908,1.4936854925640581,401.77220136224554
0.05,0.3,0.65,0.025,0.025,0.15,0.15,0.325,0.325,13.239150000000002,2.655369933866621,111.94635,41.920585,0.33521932005481325,0.014759540266487011,229.4270895909062,1.4857974367812796,401.25586526800146
0.05,0.35,0.6,0.025,0.025,0.175,0.175,0.3,0.3,13.107850000000001,2.64656249405086,112.730775,42.2461075,0.3342149332929667,0.014578237482079181,228.62070519282418,1.4741649447836305,398.27082776499105
0.05,0.4,0.55,0.025,0.025,0.2,0.2,0.275,0.275,12.976550000000003,2.6376960406082546,113.5152,42.57163,0.333225906548563,0.014284158552217603,226.60001744243752,1.4585215160473255,392.6190473184775
0.05,0.45,0.5,0.025,0.025,0.225,0.225,0.25,0.25,12.84525,2.6287695749494455,114.299625,42.8971525,0.3322518901458553,0.013870465217272103,223.2495386694862,1.4385188772275375,384.07317810976946
0.05,0.5,0.45,0.025,0.025,0.25,0.25,0.225,0.225,12.71395,2.6197820711715054,115.08405,43.222675,0.33129254494313454,0.013329895671063527,218.43175324425889,1.413701414197985,372.37013924330626
0.05,0.55,0.4,0.025,0.025,0.275,0.275,0.2,0.2,12.582650000000003,2.610732475020038,115.868475,43.5481975,0.3303475419390205,0.012654735025433574,211.98067144011424,1.383467071734353,357.20219357280695
0.05,0.6,0.35,0.025,0.025,0.3,0.3,0.175,0.175,12.45135,2.6016197028005545,116.6529,43.87372,0.32941656189627877,0.01183678343060552,203.69222841194568,1.3470055564031342,338.2041901896984
0.05,0.65,0.3,0.025,0.025,0.325,0.325,0.15,0.15,12.32005,2.5924426402360896,117.437325,44.1992425,0.3284992949822614,0.010867321640602334,193.3093367527329,1.3031961423477962,314.9346051719486
0.05,0.7,0.25,0.025,0.025,0.35,0.35,0.125,0.125,12.18875,2.583200141267792,118.22175,44.524765,0.3275954404251207,0.009737073791705268,180.49725298708464,1.2504282377630636,286.84595918512116
0.05,0.75,0.2,0.025,0.025,0.375,0.375,0.1,0.1,12.057450000000001,2.573891026794998,119.006175,44.8502875,0.3267047061849937,0.008436167138257174,164.79984012124208,1.1862602147844157,253.23567823176367
0.05,0.8,0.15,0.025,0.025,0.4,0.4,0.075,0.075,11.926150000000002,2.5645140833510447,119.7906,45.17581,0.3258268086394023,0.006954088463743067,145.55362602912703,1.106695751529453,213.1574301968875
0.05,0.85,0.1,0.025,0.025,0.425,0.425,0.05,0.05,11.79485,2.555068061710789,120.575025,45.5013325,0.3249614722821579,0.005279636855675569,121.69224928045432,1.0043831673801014,165.24182056717896
0.05,0.9,0.05,0.025,0.025,0.45,0.45,0.025,0.025,11.66355,2.545551675425517,121.35945,45.826855,0.32410842943509865,0.0034008724999905647,91.18264040340024,0.8628004263885813,107.26817932791162
0.05,0.95,0.0,0.025,0.025,0.475,0.475,0.0,0.0,11.532250000000001,2.5359635992805876,122.143875,46.1523775,0.32326741997202646,0.0013050611139779269,48.37175828642892,0.6235488915398452,34.880547102659605
0.1,0.0,0.9,0.05,0.05,0.0,0.0,0.45,0.45,13.912900000000002,2.699671284716093,117.4306,43.9739,0.33523067092070513,0.013982707363092484,232.15218807009538,1.6086628530955476,421.7238753886187
0.1,0.05,0.85,0.05,0.05,0.025,0.025,0.425,0.425,13.7816,2.6911519060308966,118.215025,44.2994225,0.3342727549100668,0.014283336662066723,236.5295538644666,1.6143766453882156,430.3700900254843
0.1,0.1,0.8,0.05,0.05,0.05,0.05,0.4,0.4,13.650300000000003,2.6825782435171353,118.99945,44.624945,0.33332881418677385,0.014500478980112934,239.99556460807298,1.6165760401947984,436.9466528991097
0.1,0.15,0.75,0.05,0.05,0.075,0.075,0.375,0.375,13.519,2.67394942410626,119.783875,44.9504675,0.3323985451319278,0.014629075463325404,242.4959465249718,1.6152040802535823,441.32879836359007
0.1,0.2,0.7,0.05,0.05,0.1,0.1,0.35,0.35,13.3877,2.665264552043503,120.5683,45.27599,0.3314816528583915,0.014663764757929484,243.9667286784756,1.6101589030637249,443.3739089245803
0.1,0.25,0.65,0.05,0.05,0.125,0.125,0.325,0.325,13.256400000000001,2.6565227080693488,121.352725,45.6015125,0.33057785089913416,0.014598862826032153,244.3329651443207,1.6012890849413275,442.9193224746573
0.1,0.3,0.6,0.05,0.05,0.15,0.15,0.3,0.3,13.125100000000002,2.6477229485630374,122.13715,45.927035,0.3296868609088308,0.01442834123441611,243.506965565068,1.5883858390531722,439.77940689795673
0.1,0.35,0.55,0.05,0.05,0.175,0.175,0.275,0.275,12.993800000000002,2.6388643046459497,122.921575,46.2525575,0.32880841237806147,0.01414580378583174,241.3858679457974,1.5711710226371014,433.74167172471647
0.1,0.4,0.5,0.05,0.05,0.2,0.2,0.25,0.25,12.862500000000002,2.629945781242567,123.706,46.57808,0.3279422423594962,0.013744461349720988,237.8482893190694,1.5492791701581783,424.56156088617485
0.1,0.45,0.45,0.05,0.05,0.225,0.225,0.225,0.225,12.731200000000003,2.6209663560965426,124.490425,46.9036025,0.3270880952054802,0.013217104735450454,232.74962703988325,1.522230518585492,411.95536808191684
0.1,0.5,0.4,0.05,0.05,0.25,0.25,0.2,0.2,12.599900000000002,2.611924978739248,125.27485,47.229125,0.3262457223164732,0.012556075435780589,225.91529838085341,1.4893897321988612,395.5903731090651
0.1,0.55,0.35,0.05,0.05,0.275,0.275,0.175,0.175,12.468600000000002,2.6028205694079856,126.059275,47.5546475,0.3254148818998186,0.011753234051274207,217.13067805848436,1.4499006923044673,375.07068527865056
0.1,0.6,0.3,0.05,0.05,0.3,0.3,0.15,0.15,12.3373,2.5936520179108475,126.8437,47.88017,0.32459533873835444,0.010799926187451927,206.1254501183467,1.4025787751420156,349.9161220961901
0.1,0.65,0.25,0.05,0.05,0.325,0.325,0.125,0.125,12.206000000000003,2.5844181824349897,127.628125,48.2056925,0.3237868639683996,0.009686945595503678,192.54786260747798,1.3457220438218511,319.52910323263694
0.1,0.7,0.2,0.05,0.05,0.35,0.35,0.1,0.1,12.074700000000002,2.5751178882948684,128.41255,48.531215,0.32298923486667297,0.00840449430400796,175.91912389773623,1.2767531705603656,283.1393484343907
0.1,0.75,0.15,0.05,0.05,0.375,0.375,0.075,0.075,11.943400000000002,2.5657499266167174,129.196975,48.8567375,0.3222022346457334,0.006942139463099789,155.54409951969842,1.1914627424838238,239.70333948363296
0.1,0.8,0.1,0.05,0.05,0.4,0.4,0.05,0.05,11.812100000000001,2.5563130529552778,129.9814,49.18226,0.3214256522575416,0.005288766593530814,130.3091741792906,1.0821372297416527,187.698666346719
0.1,0.85,0.05,0.05,0.05,0.425,0.425,0.025,0.025,11.6808,2.546805985838509,130.765825,49.5077825,0.32065928220477247,0.0034325289007016624,98.10481333564601,0.9315753102070282,124.6221258426647
0.1,0.9,0.0,0.05,0.05,0.45,0.45,0.0,0.0,11.5495,2.5372274052356563,131.55025,49.833305,0.31990292435952217,0.0013607922775855533,53.17149563499584,0.6803399186774739,45.362414290731124
0.15,0.0,0.85,0.075,0.075,0.0,0.0,0.425,0.425,13.798850000000003,2.692274248268787,127.6214,47.98035,0.32993402507484837,0.01408563982529814,250.53458695542207,1.7312984141896242,470.007258714211
0.15,0.05,0.8,0.075,0.075,0.025,0.025,0.4,0.4,13.667550000000002,2.6837077668216742,128.405825,48.3058725,0.3290912507583834,0.014310888805540874,254.27440323212613,1.7334265548833436,477.26967594986286
0.15,0.1,0.75,0.075,0.075,0.05,0.05,0.375,0.375,13.536250000000003,2.6750862444571664,129.19025,48.631395,0.3282597589478977,0.014448181483181563,256.9829059758244,1.731698717102124,482.1513089732001
0.15,0.15,0.7,0.075,0.075,0.075,0.075,0.35,0.35,13.40495,2.666408788446888,129.974675,48.9569175,0.3274393245857441,0.014492193747118048,258.59350608177573,1.7260148388246364,484.5014298608994
0.15,0.2,0.65,0.075,0.075,0.1,0.1,0.325,0.325,13.273650000000004,2.6576744826673764,130.7591,49.28244,0.32662972856051775,0.014437281358458117,259.02800088506905,1.716221374602311,484.14751737073755
0.15,0.25,0.6,0.075,0.075,0.125,0.125,0.3,0.3,13.142350000000004,2.6488823867486895,131.543525,49.6079625,0.3258307575119619,0.014277458436279316,258.1947355494171,1.702103254930824,480.8921115321455
0.15,0.3,0.55,0.075,0.075,0.15,0.15,0.275,0.275,13.011050000000001,2.640031535183191,132.32795,49.933485,0.325042203643507,0.014006374302955205,255.98607242860777,1.683371383163378,474.508608292221
0.15,0.35,0.5,0.075,0.075,0.175,0.175,0.25,0.25,12.879750000000001,2.6311209363922243,133.112375,50.2590075,0.32426386454209233,0.013617288547637258,252.2748932969033,1.6596438069955106,464.73560401636956
0.15,0.4,0.45,0.075,0.075,0.2,0.2,0.225,0.225,12.748450000000002,2.6221495717482237,133.8968,50.58453,0.32349554300494643,0.013103044152803164,246.9096894937578,1.6304173867678782,451.2691752483735
0.15,0.45,0.4,0.075,0.075,0.225,0.225,0.2,0.2,12.61715,2.613116394549661,134.681225,50.9100525,0.32273704687301197,0.012456038513630504,239.70749838898357,1.595024415332584,433.75209854486593
0.15,0.5,0.35,0.075,0.075,0.25,0.25,0.175,0.175,12.485850000000001,2.6040203289460404,135.46565,51.235575,0.3219881888707212,0.011668192163155849,230.4433962433929,1.5525641038873426,411.7583348483588
0.15,0.55,0.3,0.075,0.075,0.275,0.275,0.15,0.15,12.354550000000001,2.5948602688099465,136.250075,51.5610975,0.3212487864518401,0.010730914997532993,218.83417656052754,1.5017895194692754,384.7698125481638
0.15,0.6,0.25,0.075,0.075,0.3,0.3,0.125,0.125,12.223250000000002,2.585635076552944,137.0345,51.88662,0.32051866165111553,0.009635069774988136,204.51154022907127,1.4409097543050493,352.1399175750492
0.15,0.65,0.2,0.075,0.075,0.325,0.325,0.1,0.1,12.09195,2.5763435818819063,137.818925,52.2121425,0.31979764094147267,0.008370932639027655,186.97471560345699,1.367215670568079,313.03226666739585
0.15,0.7,0.15,0.075,0.075,0.35,0.35,0.075,0.075,11.960650000000001,2.5669845804920954,138.60335,52.537665,0.3190855550965197,0.006928150390799415,165.49798511671654,1.2762918842185176,266.3088339558961
0.15,0.75,0.1,0.075,0.075,0.375,0.375,0.05,0.05,11.82935,2.5575568326930243,139.387775,52.8631875,0.3183822390581348,0.005295694206912475,138.92243587418272,1.1600781218172034,210.29941832515144
0.15,0.8,0.05,0.075,0.075,0.4,0.4,0.025,0.025,11.698050000000002,2.5480590619628902,140.1722,53.18871,0.31768753180891207,0.003461809467108267,105.06633595930725,1.0007336016472255,142.23151564942987
0.15,0.85,0.0,0.075,0.075,0.425,0.425,0.0,0.0,11.566750000000003,2.538489953426982,140.956625,53.5142325,0.3170012762492669,0.0014139613205264594,58.07455743604379,0.7379083772788163,56.30101328671059
0.2,0.0,0.8,0.1,0.1,0.0,0.0,0.4,0.4,13.684800000000003,2.684836340134491,137.8122,51.9868,0.32545376903367784,0.01412061896189156,268.2888213244646,1.8494805696575842,516.9947788412942
0.2,0.05,0.75,0.1,0.1,0.025,0.025,0.375,0.375,13.553500000000003,2.6762220994087254,138.596625,52.3123225,0.3247034195432634,0.014266540591003964,271.21796001622886,1.8474647907918291,522.4157717790206
0.2,0.1,0.7,0.1,0.1,0.05,0.05,0.35,0.35,13.422200000000002,2.667552043639548,139.38105,52.637845,0.3239623506623419,0.014319804032194102,272.98094763643286,1.841206127656341,525.1106125087259
0.2,0.15,0.65,0.1,0.1,0.075,0.075,0.325,0.325,13.290900000000002,2.6588252598248556,140.165475,52.9633675,0.3232303912699659,0.014274804523072405,273.4964619064808,1.8305497170913532,524.8972438871878
0.2,0.2,0.6,0.1,0.1,0.1,0.1,0.3,0.3,13.159600000000001,2.6500408108301445,140.9499,53.28889,0.3225073744264517,0.014125598387162151,272.66902195514257,1.8152749416877998,521.566702457732
0.2,0.25,0.55,0.1,0.1,0.125,0.125,0.275,0.275,13.028300000000002,2.641197734502657,141.734325,53.6144125,0.32179313724644465,0.013865880091031353,270.3863594127212,1.7950824545551285,514.8786079298509
0.2,0.3,0.5,0.1,0.1,0.15,0.15,0.25,0.25,12.897000000000002,2.6322950427437215,142.51875,53.939935,0.3210875207765824,0.013488957538085553,266.51577824576003,1.7695745294597833,504.5550734004365
0.2,0.35,0.45,0.1,0.1,0.175,0.175,0.225,0.225,12.765700000000002,2.6233317205368634,143.303175,54.2654575,0.32039036987755987,0.012987725445741415,260.89904149600864,1.738225421045076,490.27236765456684
0.2,0.4,0.4,0.1,0.1,0.2,0.2,0.2,0.2,12.634400000000003,2.6143067249291065,144.0876,54.59098,0.31970153311041494,0.012354636637746575,253.34501539383803,1.7003359472432198,471.6492441750425
0.2,0.45,0.35,0.1,0.1,0.225,0.225,0.175,0.175,12.5031,2.605218983962692,144.872025,54.9165025,0.319020862626858,0.01158167106683169,243.61873369384583,1.654961775384211,448.2301057106814
0.2,0.5,0.3,0.1,0.1,0.25,0.25,0.15,0.15,12.371800000000002,2.5960673955542637,145.65645,55.242025,0.3183482140634779,0.010660302364482063,231.42442842785275,1.6007951963104055,419.459756419762
0.2,0.55,0.25,0.1,0.1,0.275,0.275,0.125,0.125,12.240500000000003,2.586850826318333,146.440875,55.5675475,0.3176834464396687,0.009581461694176707,216.3777004156688,1.5359586009497381,384.64360387657797
0.2,0.6,0.2,0.1,0.1,0.3,0.3,0.1,0.1,12.109200000000001,2.5775681103316406,147.2253,55.89307,0.317026422059121,0.008335498661712602,197.95644786252487,1.457614726360352,342.8807361451976
0.2,0.65,0.15,0.1,0.1,0.325,0.325,0.075,0.075,11.977900000000002,2.568218047834762,148.009725,56.2185925,0.3163770064147373,0.006912139010927601,175.40540110165043,1.3611488950812087,292.941224946437
0.2,0.7,0.1,0.1,0.1,0.35,0.35,0.05,0.05,11.8466,2.5587994038670394,148.79415,56.544115,0.3157350680968303,0.00530043880493386,147.52219532086224,1.238168070646359,233.01209142470776
0.2,0.75,0.05,0.1,0.1,0.375,0.375,0.025,0.025,11.715300000000001,2.5493109068306508,149.578575,56.8696375,0.31510047870447555,0.003488734761507498,112.05684120529901,1.0702280244570612,160.06395212223276
0.2,0.8,0.0,0.1,0.1,0.4,0.4,0.0,0.0,11.584000000000001,2.5397512469792773,150.363,57.19516,0.314473112759891,0.001464590376133199,63.06806870190559,0.7961711588308709,67.65537029430708
0.25,0.0,0.75,0.125,0.125,0.0,0.0,0.375,0.375,13.570750000000002,2.677356991007897,148.003,55.99325,0.32161465890977925,0.014084160233305916,285.18763186950423,1.9624586657474135,562.0821563460156
0.25,0.05,0.7,0.125,0.125,0.025,0.025,0.35,0.35,13.43945,2.668694319722312,148.787425,56.3187725,0.3209398784392894,0.014146603610061525,287.1161266294346,1.9556915810014612,565.1621629585276
0.25,0.1,0.65,0.125,0.125,0.05,0.05,0.325,0.325,13.308150000000003,2.659975041698453,149.57185,56.644295,0.32027285360335056,0.014111440907673842,287.7259540792303,1.9442351093678565,565.1299481514848
0.25,0.15,0.6,0.125,0.125,0.075,0.075,0.3,0.3,13.17685,2.6511982230219666,150.356275,56.9698175,0.3196134514561153,0.013972770309517648,286.91794491682936,1.9278638453878727,561.7653730269207
0.25,0.2,0.55,0.125,0.125,0.1,0.1,0.275,0.275,13.045550000000004,2.642362904878968,151.1407,57.29534,0.31896154207305516,0.013724331054472138,284.5753435202807,1.9062689119532128,554.8146211579397
0.25,0.25,0.5,0.125,0.125,0.125,0.125,0.25,0.25,12.914250000000001,2.6334681026339974,151.925125,57.6208625,0.31831699846561645,0.013359478958606216,280.560031354281,1.8790375297655046,543.9836885936213
0.25,0.3,0.45,0.125,0.125,0.15,0.15,0.225,0.225,12.782950000000001,2.624512804864094,152.70955,57.946385,0.31767969649875494,0.012871160040319725,274.7072178639169,1.8456221176029162,528.9294467521485
0.25,0.35,0.4,0.125,0.125,0.175,0.175,0.2,0.2,12.651650000000002,2.6154959723463964,153.493975,58.2719075,0.3170495148112322,0.012251882082686481,266.8178026605711,1.805292902446321,509.2471059044656
0.25,0.4,0.35,0.125,0.125,0.2,0.2,0.175,0.175,12.52035,2.606416536996543,154.2784,58.59743,0.3164263347385714,0.011493683950381453,256.6470268262271,1.7570631050631473,484.4520983166014
0.25,0.45,0.3,0.125,0.125,0.225,0.225,0.15,0.15,12.38905,2.5972734007549345,155.062825,58.9229525,0.3158100402385642,0.010588102460420051,243.88688079649305,1.6995657176868961,453.95286232470136
0.25,0.5,0.25,0.125,0.125,0.25,0.25,0.125,0.125,12.257750000000001,2.588065434417706,155.84725,59.248475,0.31520051781923497,0.009526136585770523,228.1372977564655,1.6308385963052783,417.00786793990665
0.25,0.55,0.2,0.125,0.125,0.275,0.275,0.1,0.1,12.12645,2.5787914764090605,156.631675,59.5739975,0.3145976564691668,0.008298208748477524,208.8554703763416,1.547919837680122,372.6532163538823
0.25,0.6,0.15,0.125,0.125,0.3,0.3,0.075,0.075,11.99515,2.569450331491332,157.4161,59.89952,0.31400134759009757,0.006894122933975706,185.25755947292274,1.446001722707676,319.5696048545401
0.25,0.65,0.1,0.125,0.125,0.325,0.325,0.05,0.05,11.86385,2.5600407694089133,158.200525,60.2250425,0.31341148493170423,0.005303019330459461,156.09948565482784,1.31637136787687,255.80607871234727
0.25,0.7,0.05,0.125,0.125,0.35,0.35,0.025,0.025,11.73255,2.550561523461883,158.98495,60.550565,0.3128279645284895,0.0035133251661472807,119.06663215856199,1.140013607617395,178.0880255932548
0.25,0.75,0.0,0.125,0.125,0.375,0.375,0.0,0.0,11.60125,2.541011289004853,159.769375,60.8760875,0.3122506846386932,0.0015127013826271305,68.13980821141804,0.8550511436389591,79.38605465958476
0.3,0.0,0.7,0.15,0.15,0.0,0.0,0.35,0.35,13.456700000000001,2.66983561878882,158.1938,59.9997,0.31828825810795713,0.013972600411811517,300.9884988777768,2.069433843348342,604.6206918197142
0.3,0.05,0.65,0.15,0.15,0.025,0.025,0.325,0.325,13.325400000000002,2.6611238304373805,158.978225,60.3252225,0.31767624230478386,0.013947199029187523,301.70632256235666,2.0572421468483304,604.8108408835326
0.3,0.1,0.6,0.15,0.15,0.05,0.05,0.3,0.3,13.194100000000002,2.652354625530993,159.76265,60.650745,0.31707079608008115,0.013818983349447232,300.93171903640126,2.039836276683017,601.4539284550757
0.3,0.15,0.55,0.15,0.15,0.075,0.075,0.275,0.275,13.062800000000003,2.6435270485787283,160.547075,60.9762675,0.3164718142185401,0.013581737015405453,298.5435879620192,2.0168985635654395,594.2830453571049
0.3,0.2,0.5,0.15,0.15,0.1,0.1,0.25,0.25,12.931500000000003,2.6346401183916734,161.3315,61.30179,0.3158791937396934,0.01322886335802687,294.39854185117775,1.9880019051603768,582.9884389016395
0.3,0.25,0.45,0.15,0.15,0.125,0.125,0.225,0.225,12.800200000000004,2.6256928271229096,162.115925,61.6273125,0.3152928338388925,0.012753359266909212,288.3254085032656,1.9525776539142754,567.2079943197429
0.3,0.3,0.4,0.15,0.15,0.15,0.15,0.2,0.2,12.6689,2.6166841392613707,162.90035,61.952835,0.31471263583014397,0.012147787019761283,280.11732134246034,1.909866317892926,546.5138576144133
0.3,0.35,0.35,0.15,0.15,0.175,0.175,0.175,0.175,12.5376,2.6076129905768752,163.684775,62.2783575,0.31413850309074065,0.011404243890426546,269.51997254553004,1.8588397402815398,520.3930747367295
0.3,0.4,0.3,0.15,0.15,0.2,0.2,0.15,0.15,12.406300000000002,2.5984782870134056,164.4692,62.60388,0.31357034100761805,0.010514329337087876,256.213421591999,1.7980730378459706,488.2184685010921
0.3,0.45,0.25,0.15,0.15,0.225,0.225,0.125,0.125,12.275000000000002,2.5892789035275365,165.253625,62.9294025,0.3130080569253777,0.009469109552391048,239.782351722313,1.7255215969486788,449.2025952691663
0.3,0.5,0.2,0.15,0.15,0.25,0.25,0.1,0.1,12.143700000000003,2.5800136828686737,166.03805,63.254925,0.31245156009591346,0.008259079135104305,219.66384943586658,1.6381021644524743,402.32007564998815
0.3,0.55,0.15,0.15,0.15,0.275,0.275,0.075,0.075,12.012400000000003,2.57068143429751,166.822475,63.5804475,0.31190076162958746,0.006874119618312168,195.0464408125856,1.5308198220858018,346.16468004981033
0.3,0.6,0.1,0.15,0.15,0.3,0.3,0.05,0.05,11.881100000000002,2.5612809322388745,167.6069,63.90597,0.31135557444789597,0.0053034545617113215,164.64596427016863,1.3946537489742918,278.6520688512347
0.3,0.65,0.05,0.15,0.15,0.325,0.325,0.025,0.025,11.7498,2.5518109148648445,168.391325,64.2314925,0.31081591323757585,0.0035356008849813146,126.08651413357734,1.2100471326958921,196.27331710936647
0.3,0.7,0.0,0.15,0.15,0.35,0.35,0.0,0.0,11.618500000000001,2.542270082603684,169.17575,64.557015,0.31028169440609976,0.0015583160850373113,73.27810360943418,0.9144761439756414,91.45510707169117
0.35,0.0,0.65,0.175,0.175,0.0,0.0,0.325,0.325,13.342650000000003,2.6622716281834395,168.3846,64.00615,0.3153782878676503,0.013782087334293312,315.42895290322946,2.169537745257503,643.9082000452074
0.35,0.05,0.6,0.175,0.175,0.025,0.025,0.3,0.3,13.211350000000001,2.653510020556369,169.169025,64.3316725,0.3148191118457242,0.013664246577382551,314.7020047095981,2.1511607289180037,640.6011335526981
0.35,0.1,0.55,0.175,0.175,0.05,0.05,0.275,0.275,13.080050000000002,2.6446901678605643,169.95345,64.657195,0.31426556626837887,0.013438107714415058,312.28300563324353,2.126941260374449,633.2531188238869
0.35,0.15,0.5,0.175,0.175,0.075,0.075,0.25,0.25,12.948750000000002,2.63581109233709,170.737875,64.9827175,0.3137175665206675,0.01309712119726597,308.0234513662289,2.0964386549182827,621.5390249437858
0.35,0.2,0.45,0.175,0.175,0.1,0.1,0.225,0.225,12.817450000000003,2.626871789697708,171.5223,65.30824,0.3131750296746627,0.012634334361070617,301.74595751757283,2.0590639690318318,605.0781627237296
0.35,0.25,0.4,0.175,0.175,0.125,0.125,0.2,0.2,12.68615,2.617871228124943,172.306725,65.6337625,0.3126378744476215,0.012042363517984413,293.2360878474421,2.0140288529208052,583.4200913894622
0.35,0.3,0.35,0.175,0.175,0.15,0.15,0.175,0.175,12.55485,2.6088083472236936,173.09115,65.959285,0.31210602116138775,0.011313363853162476,282.2302234481367,1.9602648138193306,556.0240502861925
0.35,0.35,0.3,0.175,0.175,0.175,0.175,0.15,0.15,12.42355,2.5996820569214796,173.875575,66.2848075,0.3115793917029932,0.010438996926970414,268.3967943318051,1.896290463090993,522.2279875367692
0.35,0.4,0.25,0.175,0.175,0.2,0.2,0.125,0.125,12.292250000000003,2.590491236314271,174.66,66.61033,0.31105790948641143,0.009410395567804285,251.30563684880028,1.8199806843352975,481.1995510113968
0.35,0.45,0.2,0.175,0.175,0.225,0.225,0.1,0.1,12.160950000000001,2.5812347324545573,175.444425,66.9358525,0.3105414994154292,0.008218125918076436,230.37430574621774,1.728133976517992,431.85334914576947
0.35,0.5,0.15,0.175,0.175,0.25,0.25,0.075,0.075,12.029650000000002,2.5719113590781455,176.22885,67.261375,0.31003008784759456,0.006852146371638106,204.76458039803703,1.6155736718624942,372.69859030972276
0.35,0.55,0.1,0.175,0.175,0.275,0.275,0.05,0.05,11.89835,2.5625198952658508,177.013275,67.5868975,0.30952360255920897,0.0053017631138579675,173.15374844750733,1.472981970581179,301.5219317580211
0.35,0.6,0.05,0.175,0.175,0.3,0.3,0.025,0.025,11.76705,2.5530590840360206,177.7977,67.91242,0.30902197271132437,0.0035555819454048832,133.10768089827465,1.280286739423626,214.5903533737924
0.35,0.65,0.0,0.175,0.175,0.325,0.325,0.0,0.0,11.63575,2.5435276308634793,178.582125,68.2379425,0.3085251288167137,0.0016014560370981204,78.47175056333136,0.9743780696881584,103.82594046273377
0.4,0.0,0.6,0.2,0.2,0.0,0.0,0.3,0.3,13.228600000000002,2.6546644102895876,178.5754,68.0126,0.3128111555799955,0.013508568988760452,328.2214813102774,2.2618070883371635,679.178191684545
0.4,0.05,0.55,0.2,0.2,0.025,0.025,0.275,0.275,13.0973,2.6458522649751615,179.359825,68.3381225,0.3122969905999393,0.013293452811273157,325.7864639030302,2.236368165821713,671.6964323058785
0.4,0.1,0.5,0.2,0.2,0.05,0.05,0.25,0.25,12.966000000000003,2.636981026782349,180.14425,68.663645,0.31178770075488993,0.012964262850128075,321.4277901745737,2.2043200067727677,659.6074039367832
0.4,0.15,0.45,0.2,0.2,0.075,0.075,0.225,0.225,12.834700000000003,2.6280496949643335,180.928675,68.9891675,0.311283217035486,0.012514096464418355,314.9620307452504,2.1650541442685873,642.5122551633033
0.4,0.2,0.4,0.2,0.2,0.1,0.1,0.2,0.2,12.703400000000004,2.619057241379142,181.7131,69.31469,0.3107834717287201,0.011935623545011053,306.1673725173473,2.117754221900183,619.9384340306369
0.4,0.25,0.35,0.2,0.2,0.125,0.125,0.175,0.175,12.5721,2.6100026094477737,182.497525,69.6402125,0.31028839838764144,0.01122105669538067,294.7711175316517,2.061312426428943,591.31794777517
0.4,0.3,0.3,0.2,0.2,0.15,0.15,0.15,0.15,12.440800000000001,2.6008847130613715,183.28195,69.965735,0.30979793180190285,0.010362119044408497,280.43035882784557,1.9941921823928186,555.954600077873
0.4,0.35,0.25,0.2,0.2,0.175,0.175,0.125,0.125,12.309500000000002,2.5917024354343825,184.066375,70.2912575,0.3093120079691276,0.009350009478132037,262.7004745121563,1.9141897418180085,512.9721152175408
0.4,0.4,0.2,0.2,0.2,0.2,0.2,0.1,0.1,12.178200000000002,2.5824546279004137,184.8508,70.61678,0.30883056406706744,0.008175365055899206,240.9800375337535,1.817988275453211,461.22651816495596
0.4,0.45,0.15,0.2,0.2,0.225,0.225,0.075,0.075,12.0469,2.573140108647291,185.635225,70.9423025,0.30835353842652635,0.0068282203524273055,214.40492314505886,1.700234438783339,399.1447359004947
0.4,0.5,0.1,0.2,0.2,0.25,0.25,0.05,0.05,11.915600000000001,2.56375766138753,186.41965,71.267825,0.307880870505028,0.00529796344058606,181.61530288112405,1.55132351172339,324.38859769225525
0.4,0.55,0.05,0.2,0.2,0.275,0.275,0.025,0.025,11.784300000000002,2.554306033960189,187.204075,71.5933475,0.30741250086120075,0.0035732881999715714,140.1216348051386,1.3506916320856313,233.01054089185217
0.4,0.6,0.0,0.2,0.2,0.3,0.3,0.0,0.0,11.653,2.544783936859745,187.9885,71.91887,0.30694837112985796,0.001642142603125913,83.7099485460857,1.0346922550212894,116.46323209037068
0.45,0.0,0.55,0.225,0.225,0.0,0.0,0.275,0.275,13.114550000000005,2.6470133421653057,188.7662,72.01905,0.310529644587092,0.013147781885665505,339.04751628414635,2.34515125068096,709.5865334038571
0.45,0.05,0.5,0.225,0.225,0.025,0.025,0.25,0.25,12.983250000000002,2.6381499240313517,189.550625,72.3445725,0.3100542200315026,0.012830298604091218,334.60522959804626,2.311618950087538,697.1674186886055
0.45,0.1,0.45,0.225,0.225,0.05,0.05,0.225,0.225,12.851950000000002,2.6292265452901202,190.33505,72.670095,0.3095830547627605,0.012392656625475788,327.9673888773926,2.2705219729619786,679.4843803638513
0.45,0.15,0.4,0.225,0.225,0.075,0.075,0.2,0.2,12.720650000000003,2.6202421814571593,191.119475,72.9956175,0.3091160917982507,0.011827578968067791,318.9049934530947,2.2210167990438268,656.0432286548877
0.45,0.2,0.35,0.225,0.225,0.1,0.1,0.175,0.175,12.58935,2.6111957797507093,191.9039,73.32114,0.30865327516729835,0.011127335165479521,307.1364927417817,2.1619572852850046,626.2493073735976
0.45,0.25,0.3,0.225,0.225,0.125,0.125,0.15,0.15,12.45805,2.6020862580057487,192.688325,73.6466625,0.3081945498888019,0.010283709386699539,292.3079265140595,2.0917529381916724,589.3729945431276
0.45,0.3,0.25,0.225,0.225,0.15,0.15,0.125,0.125,12.32675,2.592912503534421,193.47275,73.972185,0.3077398619494611,0.009287966003050511,273.9605891674718,2.008123156574376,544.4950543173447
0.45,0.35,0.2,0.225,0.225,0.175,0.175,0.1,0.1,12.195450000000001,2.583673371929625,194.257175,74.2977075,0.30728915828257564,0.008130812370405888,251.47459792765738,1.9076385262712892,490.41431586155494
0.45,0.4,0.15,0.225,0.225,0.2,0.2,0.075,0.075,12.064150000000001,2.5743676858082605,195.0416,74.62323,0.3068423867473975,0.006802358571350671,223.96072249081942,1.7847737370132717,425.47762039239933
0.45,0.45,0.1,0.225,0.225,0.225,0.225,0.05,0.05,11.93285,2.564994233490417,195.826025,74.9487525,0.3063994961090246,0.0052920738356550924,190.0233604603725,1.6296463547619442,347.2259410998457
0.45,0.5,0.05,0.225,0.225,0.25,0.25,0.025,0.025,11.801549999999999,2.5555517676104804,196.61045,75.274275,0.3059604360188126,0.0035887393280912743,147.12012884152577,1.4212218522872024,251.50609334759372
0.45,0.55,0.0,0.225,0.225,0.275,0.275,0.0,0.0,11.67025,2.546039003655855,197.394875,75.5997975,0.3055251569952948,0.001680396959874945,88.98224851450614,1.0953569052138676,129.3328159853239
0.5,0.0,0.5,0.25,0.25,0.0,0.0,0.25,0.25,13.0005,2.6393177863798423,198.957,76.0255,0.3084885992199986,0.012695238661086296,347.54990918962693,2.4183089024453,734.1944934950603
0.5,0.05,0.45,0.25,0.25,0.025,0.025,0.225,0.225,12.869200000000001,2.630402343033932,199.741425,76.3510225,0.30804682412733886,0.012270025800521845,340.7562287372507,2.3754416525983904,715.9701677670798
0.5,0.1,0.4,0.25,0.25,0.05,0.05,0.2,0.2,12.737900000000002,2.621426050783389,200.52585,76.676545,0.3076088000574362,0.011718241554872728,331.44317193211714,2.323791334923019,691.7102702369532
0.5,0.15,0.35,0.25,0.25,0.075,0.075,0.175,0.175,12.6066,2.6123878606249584,201.310275,77.0020675,0.3071744794384903,0.011032211904465156,319.32055658520676,2.262174443844211,660.7940437020137
0.5,0.2,0.3,0.25,0.25,0.1,0.1,0.15,0.15,12.4753,2.6032866943177853,202.0947,77.32759,0.30674381549974594,0.010203781535186505,304.0236443394437,2.1889477886137056,622.4591471583545
0.5,0.25,0.25,0.25,0.25,0.125,0.125,0.125,0.125,12.344000000000001,2.5941214432510673,202.879125,77.6531125,0.3063167622547003,0.009224279736976124,285.08000664859696,2.101755603175926,575.7443257721432
0.5,0.3,0.2,0.25,0.25,0.15,0.15,0.1,0.1,12.2127,2.5848909672553044,203.66355,77.978635,0.30589327448473536,0.008084483548050067,261.8518078487423,1.9970584611123303,519.3925585627785
0.5,0.35,0.15,0.25,0.25,0.175,0.175,0.075,0.075,12.0814,2.5755940933536827,204.447975,78.3041575,0.3054733077231564,0.006774577892685482,233.42546810274538,1.869163449791849,451.67271131454794
0.5,0.4,0.1,0.25,0.25,0.2,0.2,0.05,0.05,11.9501,2.566229614449897,205.2324,78.62968,0.3050568182396265,0.005284112434435222,198.3708649450452,1.7079188190189518,370.00867379463483
0.5,0.45,0.05,0.25,0.25,0.225,0.225,0.025,0.025,11.8188,2.556796287948444,206.016825,78.9552025,0.30464376302498875,0.0036019548377095984,154.0951232541241,1.4918380966898916,270.04995911759545
0.5,0.5,0.0,0.25,0.25,0.25,0.25,0.0,0.0,11.6875,2.547292834303114,206.80125,79.280725,0.304234099776459,0.001716240098372833,94.27850934812686,1.1563126338863132,142.4015801336336
0.55,0.0,0.45,0.275,0.275,0.0,0.0,0.225,0.225,12.886450000000002,2.6315770905462053,209.1478,80.03195000000001,0.30665190589508295,0.01214621485442904,353.3230697129027,2.47978755800943,751.9465315188465
0.55,0.05,0.4,0.275,0.275,0.025,0.025,0.2,0.2,12.75515,2.622608851773477,209.932225,80.35747250000001,0.30623959707045256,0.011607622974546261,343.7764287253866,2.4260527471718962,726.9165852636004
0.55,0.1,0.35,0.275,0.275,0.05,0.05,0.175,0.175,12.623850000000001,2.6135788545538876,210.71665,80.68299500000002,0.30583061523682886,0.010935699446941864,331.3177923950021,2.3619391092065656,694.9292421786855
0.55,0.15,0.3,0.275,0.275,0.075,0.075,0.15,0.15,12.492550000000003,2.6044860245512083,211.501075,81.00851750000001,0.30542492028693125,0.010122348956335585,315.5719110623473,2.285751930663526,655.190136193901
0.55,0.2,0.25,0.275,0.275,0.1,0.1,0.125,0.125,12.361250000000002,2.5953292572111786,212.2855,81.33404000000002,0.3050224727555644,0.009158965150239092,296.05298059499097,2.1950618817224106,606.6969116366834
0.55,0.25,0.2,0.275,0.275,0.125,0.125,0.1,0.1,12.229950000000002,2.586107416580353,213.069925,81.65956250000002,0.3046232338068182,0.008036394141184242,272.10569269750926,2.0862219311407246,548.1380004180581
0.55,0.3,0.15,0.275,0.275,0.15,0.15,0.075,0.075,12.098650000000003,2.5768193340655587,213.85435,81.98508500000001,0.30422716522157645,0.006744895035709578,242.79283295685224,1.953375592928522,477.706318093956
0.55,0.35,0.1,0.275,0.275,0.175,0.175,0.05,0.05,11.967350000000001,2.56746380713029,214.638775,82.31060750000002,0.30383422938531934,0.005274097215428519,206.65092840389505,1.7861094299525155,392.712248810543
0.55,0.4,0.05,0.275,0.275,0.2,0.2,0.025,0.025,11.836050000000002,2.558039597924109,215.4232,82.63613000000001,0.303444389276216,0.0036129540669689987,161.0387521092608,1.5625015659719415,288.6157521498529
0.55,0.45,0.0,0.275,0.275,0.225,0.225,0.0,0.0,11.704750000000002,2.548545431840821,216.207625,82.96165250000001,0.3030576084534957,0.0017496928257358,99.58886089821033,1.2175020703697257,155.63737024542627
0.6,0.0,0.4,0.3,0.3,0.0,0.0,0.2,0.2,12.772400000000005,2.623790586834361,219.3386,84.0384,0.3049903377503618,0.01149573479851248,355.899508189374,2.52777596143974,761.6402472640684
0.6,0.05,0.35,0.3,0.3,0.025,0.025,0.175,0.175,12.641100000000002,2.6147687640118193,220.123025,84.3639225,0.30460402075306536,0.010837810222092206,343.1228905393393,2.4612264952861365,728.632987670926
0.6,0.1,0.3,0.3,0.3,0.05,0.05,0.15,0.15,12.5098,2.605684251250347,220.90745,84.689445,0.3042206735443833,0.010039425002802738,326.94731564055746,2.3821405648713863,687.5439847489
0.6,0.15,0.25,0.3,0.3,0.075,0.075,0.125,0.125,12.378500000000003,2.5965359480318417,221.691875,85.0149675,0.30384026201033376,0.009092036590244516,306.87393809876323,2.288016793130484,637.330676686707
0.6,0.2,0.2,0.3,0.3,0.1,0.1,0.1,0.1,12.247200000000003,2.587322722597508,222.4763,85.34049,0.30346275255743205,0.007986559569324921,282.2304353387172,2.1751027913149366,576.6282083487185
0.6,0.25,0.15,0.3,0.3,0.125,0.125,0.075,0.075,12.115900000000002,2.5780434107153183,223.260725,85.6660125,0.3030881121028015,0.006713326576080585,252.0566337094635,2.037382206880936,503.5554856498325
0.6,0.3,0.1,0.3,0.3,0.15,0.15,0.05,0.05,11.9846,2.5686968143849147,224.04515,85.991535,0.302716308064509,0.005262046001773757,214.85679882020827,1.8641868127472006,415.31277473182837
0.6,0.35,0.05,0.3,0.3,0.175,0.175,0.025,0.025,11.8533,2.5592817004760424,224.829575,86.3170575,0.302347308352118,0.0036217561858518164,167.9432967792628,1.633173835915101,307.1776875263046
0.6,0.4,0.0,0.3,0.3,0.2,0.2,0.0,0.0,11.722000000000001,2.5497967992963395,225.614,86.64258,0.30198108135745727,0.0017807757669639434,104.90367212480716,1.278869521605157,169.00890064614617
0.65,0.0,0.35,0.325,0.325,0.0,0.0,0.175,0.175,12.65835,2.615957591464074,229.5294,88.04485,0.3034799877562402,0.010738556554647189,354.73069694096387,2.5600117075649873,761.8842196203418
0.65,0.05,0.3,0.325,0.325,0.025,0.025,0.15,0.15,12.52705,2.6068813769501773,230.313825,88.3703725,0.3031167487723332,0.009955022914489051,338.1445909842204,2.478088788562471,719.4995271755269
0.65,0.1,0.25,0.325,0.325,0.05,0.05,0.125,0.125,12.39575,2.597741518320424,231.09825,88.695895,0.302756176032724,0.009023508282621372,317.5374387393246,2.3805950401038576,667.6242471531241
0.65,0.15,0.2,0.325,0.325,0.075,0.075,0.1,0.1,12.264450000000002,2.588536887989399,231.882675,89.0214175,0.30239824028863627,0.007934995120404315,292.2203404577358,2.26367480789778,604.8414543194099
0.65,0.2,0.15,0.325,0.325,0.1,0.1,0.075,0.075,12.13315,2.579266326063872,232.6671,89.34694,0.30204291271754813,0.006679888947200466,261.2108003640781,2.121155268627572,529.1979016909455
0.65,0.25,0.1,0.325,0.325,0.125,0.125,0.05,0.05,12.00185,2.569928639056138,233.451525,89.6724625,0.3016901649154555,0.005247976462735078,222.98183483058756,1.9421196028961993,437.7869396461299
0.65,0.3,0.05,0.325,0.325,0.15,0.15,0.025,0.025,11.870549999999998,2.5605225985314135,234.23595,89.997985,0.3013399688893035,0.003628380197805415,174.80116435272086,1.7038167444192038,325.7105220449689
0.65,0.35,0.0,0.325,0.325,0.175,0.175,0.0,0.0,11.739249999999998,2.5510469396851567,235.020375,90.3235075,0.3009922970495804,0.001809509366716807,110.21352321426974,1.3403606770309595,182.48567215164815
0.7,0.0,0.3,0.35,0.35,0.0,0.0,0.15,0.15,12.544300000000002,2.6080774041763726,239.7202,92.0513,0.3021011110109255,0.009869155819585257,349.1585785748442,2.57357150911963,751.0362950164101
0.7,0.05,0.25,0.35,0.35,0.025,0.025,0.125,0.125,12.413000000000002,2.5989459706746207,240.504625,92.3768225,0.30175848492732027,0.008953394332359503,328.03814310197856,2.472771146052414,697.5569066302626
0.7,0.1,0.2,0.35,0.35,0.05,0.05,0.1,0.1,12.2817,2.589749915428598,241.28905,92.702345,0.3014182650935098,0.007881715952008808,302.06980698542793,2.3519115818597083,632.7566222262565
0.7,0.15,0.15,0.35,0.35,0.075,0.075,0.075,0.075,12.150400000000003,2.5804880828616703,242.073475,93.0278675,0.30108042624969333,0.0066445984415655236,270.24935254513144,2.204666617373319,554.6118157845251
0.7,0.2,0.1,0.35,0.35,0.1,0.1,0.05,0.05,12.019100000000002,2.5711592839754447,242.8579,93.35339,0.300744943488394,0.00523190611517451,231.01948555045715,2.0198763687044505,460.11194363034673
0.7,0.25,0.05,0.35,0.35,0.125,0.125,0.025,0.025,11.8878,2.561762295006057,243.642325,93.6789125,0.3004117922483356,0.0036328449413496663,181.6048696058483,1.774392290100664,344.1894996666294
0.7,0.3,0.0,0.35,0.35,0.15,0.15,0.0,0.0,11.7565,2.5522958560109497,244.42675,94.004435,0.30008094830844945,0.0018359138910694487,115.50918085075683,1.401922347557071,196.03789645962945
0.75,0.0,0.25,0.375,0.375,0.0,0.0,0.125,0.125,12.430250000000001,2.600149307682504,249.911,96.05775,0.30083725675440043,0.008881708724934677,338.37078811555847,2.564519386637324,727.1085062570112
0.75,0.05,0.2,0.375,0.375,0.025,0.025,0.1,0.1,12.298950000000001,2.590961807577672,250.695425,96.3832725,0.30051314142710805,0.007826737092604385,311.77330633188103,2.439786483447814,660.3531270469238
0.75,0.1,0.15,0.375,0.375,0.05,0.05,0.075,0.075,12.167650000000002,2.581708683848754,251.47985,96.708795,0.3001912080488647,0.006607471212102015,279.16638053529294,2.287887889954921,579.7759684302007
0.75,0.15,0.1,0.375,0.375,0.075,0.075,0.05,0.05,12.036350000000002,2.5723887519634814,252.264275,97.0343175,0.29987143466021693,0.005213852325008813,238.96327407804264,2.0974255421670835,482.2654386524135
0.75,0.2,0.05,0.375,0.375,0.1,0.1,0.025,0.025,11.905050000000001,2.563000792804525,253.0487,97.35984,0.29955379959539785,0.0036351690916670435,188.34701958705924,1.8448625393442917,362.59030144194804
0.75,0.25,0.0,0.375,0.375,0.125,0.125,0.0,0.0,11.773750000000001,2.553543551265649,253.833125,97.6853625,0.29923828147743214,0.00186000942924929,120.7815760107608,1.4635022316582411,209.63642644742927
0.8,0.0,0.2,0.4,0.4,0.0,0.0,0.1,0.1,12.3162,2.5921725670892344,260.1018,100.0642,0.29967460890108555,0.007770073442749122,321.3253648550256,2.5272725945889984,687.6108442474872
0.8,0.05,0.15,0.4,0.4,0.025,0.025,0.075,0.075,12.1849,2.5829281317548114,260.886225,100.3897225,0.2993671986691666,0.006568523273487546,287.956029789169,2.3707904630187966,604.6695285853893
0.8,0.1,0.1,0.4,0.4,0.05,0.05,0.05,0.05,12.0536,2.573617045830125,261.67065,100.715245,0.2990617756030878,0.005193832308650539,246.80678368959607,2.1747353556850793,504.22547483986045
0.8,0.15,0.05,0.4,0.4,0.075,0.075,0.025,0.025,11.9223,2.5642380948201557,262.455075,101.0407675,0.29875832049672435,0.0036353711621754047,195.02030014172135,1.9151895394870309,380.88899944462605
0.8,0.2,0.0,0.4,0.4,0.1,0.1,0.0,0.0,11.791,2.554790028429502,263.2395,101.36629,0.29845681439066185,0.0018818158953539503,126.02178378860269,1.5250487030340734,223.2526917232297
0.85,0.0,0.15,0.425,0.425,0.0,0.0,0.075,0.075,12.202150000000001,2.584146429299228,270.2926,104.07065,0.2986014788991902,0.006527770503458507,296.6124880093412,2.4533453998521506,629.2720383040552
0.85,0.05,0.1,0.425,0.425,0.025,0.025,0.05,0.05,12.07085,2.5748441683745305,271.077025,104.3961725,0.29830921243784103,0.0051718631344337615,254.54364602151736,2.2517737827563504,525.9704521712101
0.85,0.1,0.05,0.425,0.425,0.05,0.05,0.025,0.025,11.939549999999999,2.565474203935129,271.86145,104.721695,0.29801876296979346,0.0036334695060838253,201.61746388946455,1.9853352363606862,399.06201421806634
0.85,0.15,0.0,0.425,0.425,0.075,0.075,0.0,0.0,11.808250000000001,2.5560352904711334,272.645875,105.0472175,0.2977301136034374,0.0019013530300503222,131.22100486139334,1.5865106153337112,236.8586387860961
0.9,0.0,0.1,0.45,0.45,0.0,0.0,0.05,0.05,12.0881,2.576070122385194,280.4834,108.0771,0.2976079113891843,0.0051479617240244545,262.1675307282449,2.328508481240794,547.479076760134
0.9,0.05,0.05,0.45,0.45,0.025,0.025,0.025,0.025,11.9568,2.566709123020524,281.267825,108.4026225,0.29732943038347615,0.0036294823179315798,208.13131929358346,2.055261394797406,417.08607526050906
0.9,0.1,0.0,0.45,0.45,0.05,0.05,0.0,0.0,11.8255,2.5572793403476104,282.05225,108.728145,0.29705261687302764,0.0019186404022550967,136.37054827585115,1.647837120228405,250.42667518336074
0.95,0.0,0.05,0.475,0.475,0.0,0.0,0.025,0.025,11.97405,2.567942854936381,290.6742,112.08355,0.29668537443719445,0.00362342763511053,214.55472055055566,2.124929520962203,434.9381841070096
0.95,0.05,0.0,0.475,0.475,0.025,0.025,0.0,0.0,11.84275,2.558522181004502,291.458625,112.4090725,0.296419490517547,0.0019336974107969779,141.46181529432542,1.708977495705571,263.92961709685017
1.0,0.0,0.0,0.5,0.5,0.0,0.0,0.0,0.0,11.86,2.5597638153759434,300.865,116.09,0.2958265139116203,0.0019465432860608053,146.48628407856185,1.7698809819015344,277.34063983427683
